3.081373274326324463e-01
2.456453740596771240e-01
-3.450216352939605713e-02
1.105060577392578125e-01
2.412737905979156494e-01
2.029189169406890869e-01
-1.205130517482757568e-01
9.475676715373992920e-02
1.282995659857988358e-02
3.392771184444427490e-01
-7.451258301734924316e-01
-7.744320631027221680e-01
-2.140722274780273438e-01
1.619392633438110352e-01
-1.854555159807205200e-01
9.677399694919586182e-02
2.364218831062316895e-01
3.087108731269836426e-01
2.689166963100433350e-01
6.194102764129638672e-01
5.706309080123901367e-01
5.513895750045776367e-01
8.475163578987121582e-01
9.124211668968200684e-01
8.596549034118652344e-01
7.799347043037414551e-01
9.011340737342834473e-01
5.989304780960083008e-01
3.358545303344726562e-01
2.324454635381698608e-01
2.722681760787963867e-01
6.280872821807861328e-01
4.160178005695343018e-01
4.376834928989410400e-01
4.059350490570068359e-01
2.125158756971359253e-01
4.714594781398773193e-01
2.947685122489929199e-01
2.809525430202484131e-01
4.372884035110473633e-01
5.217773914337158203e-01
9.082521200180053711e-01
6.622065901756286621e-01
3.626660108566284180e-01
2.812147140502929688e-01
1.141611784696578979e-01
4.149656295776367188e-01
4.391954243183135986e-01
5.462203025817871094e-01
4.493068456649780273e-01
3.865746855735778809e-01
3.046257495880126953e-01
-4.488408565521240234e-02
3.239056766033172607e-01
1.443095952272415161e-01
2.130429148674011230e-01
2.947004735469818115e-01
9.726893901824951172e-02
7.095991969108581543e-01
5.817946791648864746e-01
7.336742281913757324e-01
8.375756442546844482e-02
7.283253222703933716e-02
-5.784143507480621338e-02
2.027495503425598145e-01
-8.521035313606262207e-02
6.093023717403411865e-02
-2.151371538639068604e-01
-6.206712126731872559e-01
-4.288178086280822754e-01
-3.645658865571022034e-02
-4.842412173748016357e-01
6.072240322828292847e-02
2.432774566113948822e-02
4.050818383693695068e-01
-1.312400102615356445e-01
1.409580111503601074e-01
4.072268903255462646e-01
7.360107302665710449e-01
5.069860219955444336e-01
5.981073379516601562e-01
7.884801626205444336e-01
8.005164861679077148e-01
3.375372886657714844e-01
6.630468964576721191e-01
9.426770210266113281e-01
1.061248898506164551e+00
1.021916031837463379e+00
9.598493576049804688e-01
1.083060026168823242e+00
1.088716864585876465e+00
8.708801269531250000e-01
6.372339725494384766e-01
8.192598819732666016e-01
7.263981550931930542e-02
2.068142890930175781e-01
4.492195248603820801e-01
6.315953731536865234e-01
6.787908077239990234e-01
4.766118526458740234e-01
5.893479585647583008e-01
5.628224611282348633e-01
8.342626690864562988e-01
5.778896212577819824e-01
6.537590026855468750e-01
9.717624187469482422e-01
1.138816237449645996e+00
9.786488413810729980e-01
9.708833694458007812e-01
8.157812356948852539e-01
8.387446999549865723e-01
6.804389953613281250e-01
9.829895496368408203e-01
-1.582502424716949463e-01
-5.199941396713256836e-01
-3.988696634769439697e-01
-4.379883706569671631e-01
-2.574847936630249023e-01
-1.450625061988830566e-01
1.416191160678863525e-01
2.567721307277679443e-01
5.455890670418739319e-02
-1.582149863243103027e-01
1.546452194452285767e-01
1.449858695268630981e-01
2.044369727373123169e-01
3.735126256942749023e-01
5.857279300689697266e-01
8.617064356803894043e-01
4.054540991783142090e-01
9.781062006950378418e-01
1.204182863235473633e+00
1.172641754150390625e+00
1.162428617477416992e+00
1.153010606765747070e+00
1.240743398666381836e+00
8.247649073600769043e-01
6.620327830314636230e-01
1.187040925025939941e+00
7.362594604492187500e-01
8.346758484840393066e-01
-1.062431573867797852e+00
-1.144063234329223633e+00
3.223609328269958496e-01
7.178044319152832031e-01
-1.169754147529602051e+00
4.511952996253967285e-01
1.988627016544342041e-01
6.597665548324584961e-01
-2.021123409271240234e+00
-2.611060142517089844e+00
-1.604160189628601074e+00
-1.112586021423339844e+00
-1.980643749237060547e+00
-1.745553016662597656e+00
-2.539645433425903320e+00
-1.841484665870666504e+00
-1.769118189811706543e+00
-1.689448833465576172e+00
-2.367943048477172852e+00
-3.369795799255371094e+00
-1.741417646408081055e+00
-5.607430934906005859e-01
-1.396415010094642639e-02
-9.797047078609466553e-02
2.167336791753768921e-01
6.139166355133056641e-01
4.214430451393127441e-01
8.051462769508361816e-01
8.336390852928161621e-01
1.038148641586303711e+00
9.746178984642028809e-01
3.450786471366882324e-01
1.155290126800537109e+00
1.119406580924987793e+00
1.008330821990966797e+00
1.020401000976562500e+00
1.240666031837463379e+00
7.422679662704467773e-01
1.026239037513732910e+00
5.817725658416748047e-01
1.100845336914062500e+00
1.116155862808227539e+00
3.954862058162689209e-02
7.012470960617065430e-01
8.322864174842834473e-01
9.262779951095581055e-01
1.941906064748764038e-01
5.801095962524414062e-01
5.081525444984436035e-01
5.981048345565795898e-01
9.420474767684936523e-01
8.723737001419067383e-01
4.955627918243408203e-01
6.023123264312744141e-01
2.329204380512237549e-01
1.594020724296569824e-01
2.707675099372863770e-01
-8.490563631057739258e-01
1.090806275606155396e-01
-1.630468666553497314e-01
1.354386806488037109e-01
1.281151771545410156e-01
-4.557517170906066895e-01
-4.254842996597290039e-01
-2.825772576034069061e-02
-3.497210741043090820e-01
-1.549731343984603882e-01
-5.347712635993957520e-01
-1.246336936950683594e+00
-2.492964506149291992e+00
-9.662163257598876953e-01
-3.282701373100280762e-01
1.757388114929199219e-01
-2.071514353156089783e-02
1.806495487689971924e-01
3.180142343044281006e-01
3.212999105453491211e-01
4.254478216171264648e-01
3.633175492286682129e-01
6.646458506584167480e-01
9.451524019241333008e-01
-2.116070091724395752e-01
-1.921888351440429688e+00
-6.661525964736938477e-01
4.839163720607757568e-01
3.753588795661926270e-01
1.047546744346618652e+00
6.706271171569824219e-01
8.234019577503204346e-02
-7.842469215393066406e-02
-1.167260885238647461e+00
-1.904102563858032227e+00
-1.653583168983459473e+00
-9.570037126541137695e-01
-6.403678655624389648e-01
-7.545441389083862305e-01
-4.126728326082229614e-02
-2.989948727190494537e-02
2.984548173844814301e-02
2.240362018346786499e-01
3.804874420166015625e-01
-7.097396850585937500e-01
-1.805814027786254883e+00
-1.557934761047363281e+00
-1.380604743957519531e+00
-9.671893119812011719e-01
-4.452092647552490234e-01
-8.150007724761962891e-01
-2.649492919445037842e-01
3.053096532821655273e-01
6.275674700736999512e-01
1.723193824291229248e-01
3.154228329658508301e-01
-1.015472292900085449e+00
6.093014776706695557e-02
4.960503876209259033e-01
5.344368219375610352e-01
-5.354408025741577148e-01
1.254543364048004150e-01
2.586818337440490723e-01
3.714466094970703125e-01
8.632258772850036621e-01
3.527233898639678955e-01
1.167093589901924133e-01
1.039497256278991699e+00
1.162561535835266113e+00
6.560822725296020508e-01
5.777491331100463867e-01
-1.463679373264312744e-01
5.562792420387268066e-01
-3.333876132965087891e-01
1.009892970323562622e-01
-7.234269287437200546e-03
-2.983183860778808594e-01
-6.384485960006713867e-01
7.816261053085327148e-02
-6.718666553497314453e-01
-8.436317443847656250e-01
-1.061760783195495605e+00
-4.307166635990142822e-01
-9.670205712318420410e-01
-8.249777555465698242e-01
-9.979261159896850586e-01
-6.367535591125488281e-01
-1.040262341499328613e+00
-4.260181784629821777e-01
-9.398253262042999268e-02
1.605961024761199951e-01
-1.326935648918151855e+00
-3.172659277915954590e-01
-6.644540429115295410e-01
2.641138136386871338e-01
5.974069833755493164e-01
7.990288734436035156e-02
2.302508056163787842e-01
2.410814315080642700e-01
7.504775524139404297e-01
7.747656106948852539e-01
8.475947976112365723e-01
5.067895650863647461e-01
6.690129041671752930e-01
1.482902765274047852e-01
-7.611271739006042480e-01
-1.417719602584838867e+00
-2.000658035278320312e+00
-1.205912947654724121e+00
-2.203485012054443359e+00
-1.136451810598373413e-01
-2.288934230804443359e+00
-1.455444812774658203e+00
-5.675660967826843262e-01
-6.112294793128967285e-01
-7.239102572202682495e-02
2.511717081069946289e-01
2.388523817062377930e-01
4.780152142047882080e-01
4.981869459152221680e-01
3.553905785083770752e-01
2.566255927085876465e-01
9.527563303709030151e-02
2.625815570354461670e-01
4.874783456325531006e-01
7.390148043632507324e-01
1.381054759025573730e+00
2.067389935255050659e-01
-1.949962377548217773e+00
-2.389053106307983398e-01
3.332648277282714844e-01
-2.204931259155273438e+00
3.321572672575712204e-03
3.954774141311645508e-01
3.968975543975830078e-01
3.741062283515930176e-01
8.402171730995178223e-02
-2.466598451137542725e-01
1.514793932437896729e-01
2.691106796264648438e-01
3.731896281242370605e-01
3.635014593601226807e-01
2.058212012052536011e-01
1.269077360630035400e-01
6.424295902252197266e-01
8.952747583389282227e-01
4.807235598564147949e-01
7.331075072288513184e-01
9.895629882812500000e-01
6.096410155296325684e-01
5.851864814758300781e-01
3.181488811969757080e-01
3.327886462211608887e-01
9.743529558181762695e-02
2.596501410007476807e-01
6.594052314758300781e-01
-8.115160465240478516e-01
-3.985786437988281250e-01
1.936361789703369141e-01
-4.484154284000396729e-01
-9.564278274774551392e-02
1.052591323852539062e+00
1.056423664093017578e+00
-3.475148081779479980e-01
2.982841730117797852e-01
5.561155676841735840e-01
2.837758958339691162e-01
8.386684656143188477e-01
7.043759226799011230e-01
3.847368359565734863e-01
1.178907379508018494e-01
8.808738589286804199e-01
1.658230066299438477e+00
3.269912600517272949e-01
5.906231999397277832e-01
7.763784527778625488e-01
8.264936804771423340e-01
9.967400431632995605e-01
7.177275419235229492e-01
1.000197172164916992e+00
7.634067535400390625e-01
2.442406117916107178e-01
-1.792054474353790283e-01
2.379830777645111084e-01
5.215768218040466309e-01
7.364289760589599609e-01
7.476501464843750000e-01
1.950619518756866455e-01
6.056423187255859375e-01
1.119886040687561035e+00
5.980920791625976562e-01
7.782107591629028320e-01
8.514344692230224609e-01
4.177700877189636230e-01
5.587954521179199219e-01
5.123118758201599121e-01
7.195047736167907715e-01
-2.540912628173828125e-01
2.466228306293487549e-01
7.609599828720092773e-01
8.004561662673950195e-01
5.098158717155456543e-01
1.237044632434844971e-01
-7.635874748229980469e-01
-7.937571406364440918e-02
2.135466635227203369e-01
6.598986983299255371e-01
-3.178063035011291504e-02
1.030047908425331116e-01
1.205839216709136963e-01
-3.425784707069396973e-01
-1.646194219589233398e+00
-1.438530325889587402e+00
-4.646899104118347168e-01
5.966667551547288895e-03
2.768605649471282959e-01
-5.092260241508483887e-02
-5.962717533111572266e-01
-4.901656508445739746e-01
1.941521186381578445e-03
-2.730363905429840088e-01
-1.687319993972778320e+00
-3.370386362075805664e-01
2.590222358703613281e-01
1.449428498744964600e-01
-1.230132341384887695e+00
-1.249581098556518555e+00
-1.385544776916503906e+00
-1.025844216346740723e+00
-5.890190601348876953e-01
-1.108749389648437500e+00
-1.701249957084655762e+00
-2.157537698745727539e+00
-2.133064985275268555e+00
-1.721620559692382812e+00
-7.870858907699584961e-01
-3.971873819828033447e-01
-1.139163076877593994e-01
-3.004047274589538574e-01
-4.037172794342041016e-01
-1.206106066703796387e+00
-7.254894971847534180e-01
5.763294547796249390e-02
-7.440488934516906738e-01
-6.626317501068115234e-01
-3.594831228256225586e-01
-7.727177347987890244e-03
5.190094113349914551e-01
1.950580477714538574e-01
-7.212503552436828613e-01
-1.782427132129669189e-01
3.468133509159088135e-01
6.471040248870849609e-01
6.691841483116149902e-01
7.671890258789062500e-01
8.000855445861816406e-01
8.105056285858154297e-01
8.121298551559448242e-01
2.205627709627151489e-01
6.722453832626342773e-01
4.467250108718872070e-01
2.267559170722961426e-01
-1.219783186912536621e+00
-1.876733541488647461e+00
-1.248346090316772461e+00
-1.343439340591430664e+00
-1.751138210296630859e+00
-1.225188970565795898e+00
-5.715142935514450073e-02
-9.681211113929748535e-01
-6.496930122375488281e-01
-6.446088552474975586e-01
-5.918331146240234375e-01
-2.006155014038085938e+00
-1.316259622573852539e+00
-6.232267022132873535e-01
-7.037304341793060303e-02
-1.188943982124328613e-01
-1.508447289466857910e+00
-1.390139460563659668e+00
-1.188869833946228027e+00
-1.847522258758544922e+00
-2.053368806838989258e+00
-1.352069377899169922e+00
-2.294125795364379883e+00
-2.758304357528686523e+00
-1.170021772384643555e+00
2.571732401847839355e-01
3.424326479434967041e-01
7.531338930130004883e-02
-1.273161321878433228e-01
2.120886594057083130e-01
-2.906208038330078125e-01
5.933494865894317627e-02
3.901257812976837158e-01
4.646040797233581543e-01
4.254229068756103516e-01
6.835507750511169434e-01
3.646721839904785156e-01
7.026273012161254883e-01
5.301903486251831055e-01
4.747584462165832520e-01
4.533337056636810303e-01
1.690202057361602783e-01
-1.485024094581604004e+00
-7.295894622802734375e-01
-4.901357889175415039e-01
-1.213226392865180969e-01
-1.389628648757934570e-01
-1.177485108375549316e+00
-8.299681544303894043e-01
3.401675820350646973e-01
-2.616807818412780762e-01
4.765347540378570557e-01
7.144746780395507812e-01
-2.821837961673736572e-01
4.603597223758697510e-01
5.707034468650817871e-01
9.889621138572692871e-01
1.110027670860290527e+00
9.995896816253662109e-01
8.438026905059814453e-01
6.598172187805175781e-01
6.549636721611022949e-01
4.379434585571289062e-01
-3.558210134506225586e-01
-1.481361985206604004e+00
-1.056017637252807617e+00
2.796890437602996826e-01
7.109392285346984863e-01
-1.540056347846984863e+00
-7.311517000198364258e-01
-4.823715388774871826e-01
1.968486309051513672e-01
3.651354610919952393e-01
3.504828810691833496e-01
-1.620053410530090332e+00
-1.955862522125244141e+00
-4.226860404014587402e-01
-1.675922632217407227e+00
-1.229660987854003906e+00
-1.809860467910766602e+00
-2.791264772415161133e+00
-1.002860665321350098e+00
-6.035866737365722656e-01
-1.001332879066467285e+00
8.330148458480834961e-02
4.814252257347106934e-01
4.693475663661956787e-01
-9.101225435733795166e-02
3.594621419906616211e-01
5.567105412483215332e-01
-1.293493151664733887e+00
-1.953249126672744751e-01
7.014394551515579224e-02
5.552135873585939407e-03
-7.008048892021179199e-01
-2.023476123809814453e+00
-2.843890905380249023e+00
-2.029237747192382812e+00
-1.404204130172729492e+00
-9.032171964645385742e-01
-1.826142370700836182e-01
-4.351068139076232910e-01
-2.002242326736450195e+00
-1.176990628242492676e+00
-1.320676952600479126e-01
7.373378612101078033e-04
1.756584942340850830e-01
4.553720355033874512e-01
-2.651480138301849365e-01
-1.005553483963012695e+00
-9.290205240249633789e-01
3.570300936698913574e-01
5.983542203903198242e-01
3.014402985572814941e-01
5.120720863342285156e-01
-2.435119263827800751e-02
3.477984368801116943e-01
1.379946172237396240e-01
1.731384396553039551e-01
4.864132497459650040e-03
-4.265947937965393066e-01
-1.528903603553771973e+00
-2.097857713699340820e+00
-3.086917638778686523e+00
-2.233360767364501953e+00
-9.962193965911865234e-01
-9.514011740684509277e-01
-1.719360113143920898e+00
-1.998342037200927734e+00
-9.656347036361694336e-01
-1.966888546943664551e+00
-2.565019130706787109e+00
-1.805687189102172852e+00
-2.371119737625122070e+00
-1.572181582450866699e+00
-1.656143069267272949e-01
-1.005933880805969238e+00
-1.757763028144836426e-01
-9.097404032945632935e-02
-8.770359754562377930e-01
3.696528673171997070e-01
1.927328296005725861e-02
5.069994926452636719e-01
8.892325162887573242e-01
9.250513315200805664e-01
4.697180688381195068e-01
1.064895838499069214e-02
-1.119350790977478027e+00
-2.712435722351074219e-01
1.155774593353271484e-01
3.061133027076721191e-01
2.267762422561645508e-01
-1.451237201690673828e-01
-1.150805711746215820e+00
-2.148621559143066406e+00
-1.112605571746826172e+00
-1.280290484428405762e+00
-1.263169288635253906e+00
-9.218317866325378418e-01
-1.415654778480529785e+00
-2.338799476623535156e+00
-3.349057912826538086e+00
-1.534143805503845215e+00
-9.937707185745239258e-01
-7.468345165252685547e-01
-1.841619491577148438e+00
-1.022540688514709473e+00
-2.113586902618408203e+00
-1.827206730842590332e+00
-1.985729455947875977e+00
-9.540167450904846191e-01
-1.234529376029968262e+00
-1.791189551353454590e+00
-1.700947999954223633e+00
-1.962658762931823730e+00
-7.705338001251220703e-01
-9.329078346490859985e-02
4.061534404754638672e-01
3.585189580917358398e-01
2.933294773101806641e-01
2.462520599365234375e-01
4.200515151023864746e-01
2.259501814842224121e-01
3.576513528823852539e-01
-9.066540002822875977e-01
-2.489944219589233398e+00
-1.673703670501708984e+00
-6.776835918426513672e-01
-1.259340643882751465e+00
-9.178832769393920898e-01
-8.280014395713806152e-01
-4.526306986808776855e-01
-9.632021188735961914e-01
-1.082990527153015137e+00
-1.072486996650695801e+00
-1.957193851470947266e+00
-2.777956008911132812e+00
-2.663012027740478516e+00
-1.910975694656372070e+00
-8.693169355392456055e-01
-5.509861707687377930e-01
7.868639379739761353e-02
-6.521628051996231079e-02
1.548450291156768799e-01
2.585896849632263184e-01
-6.133780479431152344e-01
4.958085715770721436e-02
-9.902954101562500000e-03
5.222208499908447266e-01
1.703977137804031372e-01
5.987287759780883789e-01
-5.180954467505216599e-03
4.537439644336700439e-01
4.246980845928192139e-01
-1.204251870512962341e-02
2.304842770099639893e-01
2.721051275730133057e-01
4.059111475944519043e-01
-5.566886663436889648e-01
-1.435737907886505127e-01
2.800551950931549072e-01
3.386468887329101562e-01
4.398005008697509766e-01
4.254069328308105469e-01
1.905625909566879272e-01
-2.593218982219696045e-01
-3.862714171409606934e-01
-3.858222961425781250e-01
-2.384326756000518799e-01
-1.342021673917770386e-01
3.772672414779663086e-01
5.032545328140258789e-01
-2.512760460376739502e-01
-7.210781574249267578e-01
-1.793135404586791992e+00
-1.754769086837768555e-01
-2.984504103660583496e-01
2.959721684455871582e-01
2.157792448997497559e-01
7.217445224523544312e-02
-6.843643188476562500e-01
-8.150297999382019043e-01
-1.000886440277099609e+00
-2.209393829107284546e-01
-4.872276186943054199e-01
-2.424812875688076019e-02
1.692927926778793335e-01
3.407842516899108887e-01
3.745968937873840332e-01
2.929261922836303711e-01
3.450397253036499023e-01
2.342642247676849365e-01
2.366657406091690063e-01
7.146383821964263916e-02
2.544234097003936768e-01
2.482695877552032471e-01
3.457350730895996094e-01
2.373113781213760376e-01
-1.643214672803878784e-01
2.309167385101318359e-01
3.637856841087341309e-01
2.191214263439178467e-01
1.606380790472030640e-01
8.160451799631118774e-02
3.510733246803283691e-01
-1.195926368236541748e-01
1.016263291239738464e-01
3.172584772109985352e-01
1.768576800823211670e-01
-9.557706117630004883e-01
-2.566817700862884521e-01
-2.287191152572631836e-01
2.186409384012222290e-02
6.788085401058197021e-02
1.740739643573760986e-01
1.037414222955703735e-01
8.466222882270812988e-02
-3.460915759205818176e-02
-3.849438428878784180e-01
-6.167296767234802246e-01
-2.932283282279968262e-01
-1.162250161170959473e+00
-5.363314878195524216e-03
5.076278448104858398e-01
5.532301068305969238e-01
-8.596962690353393555e-02
-6.291618347167968750e-01
-1.272260069847106934e+00
-4.999156296253204346e-01
-6.670115888118743896e-02
9.753973782062530518e-02
-5.966083705425262451e-02
1.762056052684783936e-01
-3.670408725738525391e-01
-1.881659269332885742e+00
-1.583866596221923828e+00
-5.987722277641296387e-01
2.201976180076599121e-01
1.708727329969406128e-01
4.313405156135559082e-01
1.257762461900711060e-01
5.396996438503265381e-02
-6.702791433781385422e-03
1.227489262819290161e-01
2.330175489187240601e-01
1.989660710096359253e-01
-5.929512977600097656e-01
-1.165961503982543945e+00
-1.820536851882934570e-01
-3.449929356575012207e-01
1.801863312721252441e-01
1.245378851890563965e-01
-2.966209053993225098e-01
3.060494549572467804e-02
7.184642553329467773e-02
-1.951142311096191406e+00
-1.909905314445495605e+00
-1.559412717819213867e+00
-4.906169325113296509e-02
1.867556869983673096e-01
4.510635137557983398e-02
3.720874488353729248e-01
4.980716705322265625e-01
5.238916873931884766e-01
2.880853414535522461e-01
-1.451416015625000000e-01
-4.583876132965087891e-01
-5.685436725616455078e-02
-9.325148463249206543e-01
-2.171377420425415039e+00
-1.494677662849426270e+00
-1.254969716072082520e+00
-8.491424322128295898e-01
-1.626334190368652344e+00
-2.615225791931152344e+00
-1.483438968658447266e+00
-2.284708023071289062e+00
-2.438301563262939453e+00
-1.260439038276672363e+00
-4.585399031639099121e-01
3.607254028320312500e-01
3.118349611759185791e-01
4.831788539886474609e-01
4.192313551902770996e-01
2.842037677764892578e-01
-6.766470670700073242e-01
-7.042483091354370117e-01
8.398807793855667114e-02
1.074045524001121521e-01
-3.208030462265014648e-01
-1.771074056625366211e+00
-1.164959788322448730e+00
-5.149713903665542603e-02
2.146686911582946777e-01
5.862263441085815430e-01
5.645406246185302734e-01
3.602408170700073242e-01
5.562698841094970703e-01
7.341873049736022949e-01
9.448987245559692383e-01
7.925453186035156250e-01
4.225057959556579590e-01
6.636310815811157227e-01
7.729147076606750488e-01
8.584220409393310547e-01
2.639997750520706177e-02
3.636943101882934570e-01
5.521652698516845703e-01
5.273480415344238281e-01
4.889917969703674316e-01
4.070785641670227051e-01
3.071302473545074463e-01
5.037940740585327148e-01
5.024384856224060059e-01
3.137503564357757568e-01
6.380122900009155273e-01
7.589099556207656860e-02
3.328447937965393066e-01
3.176844120025634766e-01
1.145699843764305115e-01
3.471750020980834961e-01
6.720375418663024902e-01
6.596707701683044434e-01
2.289762049913406372e-01
-3.664718270301818848e-01
8.283047378063201904e-02
-5.903669595718383789e-01
-2.135396957397460938e+00
-2.641727924346923828e+00
-9.572913646697998047e-01
-1.359140396118164062e+00
-2.593766927719116211e+00
-2.872402191162109375e+00
-9.749832749366760254e-01
8.480569720268249512e-02
-2.510844767093658447e-01
1.709171086549758911e-01
2.811091542243957520e-01
2.676737606525421143e-01
2.955580353736877441e-01
-8.224271535873413086e-01
-7.926026582717895508e-01
-8.050218224525451660e-02
-1.590907946228981018e-02
-1.374772936105728149e-02
9.923771023750305176e-02
-5.195482969284057617e-01
7.422557473182678223e-02
2.282656580209732056e-01
-6.891830563545227051e-01
-1.613396406173706055e+00
-8.858947753906250000e-01
5.731866955757141113e-01
3.546213805675506592e-01
3.967349827289581299e-01
5.745281577110290527e-01
8.732072114944458008e-01
3.641617894172668457e-01
-1.302131891250610352e+00
-4.075539112091064453e-01
4.823122546076774597e-02
-1.190165042877197266e+00
-1.684842556715011597e-01
2.004708051681518555e-01
-7.447788119316101074e-02
4.039221405982971191e-01
3.134604990482330322e-01
2.862601280212402344e-01
3.483924865722656250e-01
3.925182819366455078e-01
3.027713298797607422e-01
5.011549964547157288e-02
4.379139542579650879e-01
1.537589877843856812e-01
1.381349414587020874e-01
-4.753378406167030334e-02
2.287884056568145752e-01
2.384047806262969971e-01
-1.345031499862670898e+00
-2.298529148101806641e+00
-2.241458892822265625e+00
-9.855734705924987793e-01
-1.468695759773254395e+00
-2.165241241455078125e-01
-1.932827085256576538e-01
3.679953217506408691e-01
2.077503353357315063e-01
3.536923527717590332e-01
9.977027773857116699e-02
1.776201128959655762e-01
1.514705717563629150e-01
2.214635759592056274e-01
-8.662891387939453125e-01
-1.828635483980178833e-01
-4.225942492485046387e-01
-1.194408297538757324e+00
-2.104726552963256836e+00
-9.382956027984619141e-01
-2.448124587535858154e-01
-6.683397293090820312e-01
-3.576936721801757812e-01
-1.763259172439575195e+00
-1.997905015945434570e+00
-1.393459558486938477e+00
-2.238290607929229736e-01
-3.079013824462890625e-01
9.009063243865966797e-02
-3.384962379932403564e-01
-2.725229263305664062e-01
-1.963617205619812012e-01
6.903857737779617310e-02
2.063381671905517578e-01
2.571717500686645508e-01
-1.252980947494506836e+00
-3.754794597625732422e-01
1.564690768718719482e-01
1.262255907058715820e-01
3.315865397453308105e-01
-1.778957992792129517e-01
-4.362527728080749512e-01
-6.139134168624877930e-01
-9.716511964797973633e-01
-5.661635398864746094e-01
-2.738437652587890625e-01
-4.071872830390930176e-01
-6.296129226684570312e-01
-6.971857510507106781e-04
-1.704633533954620361e-01
3.063741624355316162e-01
7.638297080993652344e-01
5.851991176605224609e-01
7.321618795394897461e-01
5.033800601959228516e-01
8.360011577606201172e-01
6.408556699752807617e-01
2.081133127212524414e-01
1.466092467308044434e-01
2.127034515142440796e-01
-5.471914410591125488e-01
2.343612313270568848e-01
1.284755468368530273e-01
1.684196442365646362e-01
4.358305335044860840e-01
4.208109676837921143e-01
-1.235238671302795410e+00
-1.661200881004333496e+00
1.506724357604980469e-01
-1.199679374694824219e+00
-1.150984287261962891e+00
-5.605101585388183594e-01
-1.026445746421813965e+00
-7.476962804794311523e-01
-1.730768829584121704e-01
-1.101800054311752319e-01
-2.337377965450286865e-01
-8.234804868698120117e-01
-1.027575254440307617e+00
-6.635187864303588867e-01
-1.810194015502929688e+00
-2.407911062240600586e+00
-1.514609217643737793e+00
-1.577570438385009766e-01
2.386038303375244141e-01
3.107431903481483459e-02
1.746236383914947510e-01
2.883030176162719727e-01
4.471187293529510498e-01
3.567650914192199707e-01
-2.731875181198120117e-01
-9.270719885826110840e-01
-3.874668478965759277e-02
3.431122601032257080e-01
2.337260842323303223e-01
1.420433968305587769e-01
-9.859307408332824707e-01
-2.408886849880218506e-01
-2.030863016843795776e-01
1.697894334793090820e-01
4.088553488254547119e-01
1.140795201063156128e-01
4.423236846923828125e-01
2.359309643507003784e-01
1.758190244436264038e-01
-1.306936442852020264e-01
-8.083043098449707031e-01
-4.762721657752990723e-01
-6.744573116302490234e-01
8.442308008670806885e-02
7.623589783906936646e-02
4.877358376979827881e-01
9.600399434566497803e-02
4.024422764778137207e-01
7.529886364936828613e-01
9.613065719604492188e-01
7.308917045593261719e-01
8.350435495376586914e-01
1.059241533279418945e+00
-2.873025834560394287e-01
5.050079226493835449e-01
4.363819360733032227e-01
5.609495639801025391e-01
2.101054787635803223e-01
1.010561734437942505e-01
4.324055016040802002e-01
1.597335636615753174e-01
-6.331614404916763306e-02
-1.540501564741134644e-01
-1.882756948471069336e-01
-2.228237390518188477e+00
-1.410104513168334961e+00
1.375454571098089218e-02
-8.204900473356246948e-02
3.899323940277099609e-01
4.314819574356079102e-01
6.115061640739440918e-01
-1.074415445327758789e+00
-1.876171827316284180e+00
-8.357421755790710449e-01
-1.557738423347473145e+00
-1.684886813163757324e+00
-5.611241459846496582e-01
3.073013722896575928e-01
6.129547357559204102e-01
3.419129252433776855e-01
2.272722125053405762e-01
-5.693554878234863281e-01
2.466786205768585205e-01
4.837797284126281738e-01
4.268591403961181641e-01
3.894155621528625488e-01
5.784237384796142578e-01
7.414983510971069336e-01
3.868667483329772949e-01
-1.452000439167022705e-02
2.562552094459533691e-01
-8.448479175567626953e-01
2.057245820760726929e-01
3.862051963806152344e-01
-9.880887344479560852e-03
-6.978521347045898438e-01
4.206837415695190430e-01
5.503109693527221680e-01
3.896607756614685059e-01
-5.907753109931945801e-01
-1.033349514007568359e+00
5.624463558197021484e-01
9.336593747138977051e-01
-3.501332402229309082e-01
-4.013811051845550537e-01
3.605570495128631592e-01
6.462879776954650879e-01
7.286930084228515625e-01
5.723571181297302246e-01
-5.802932977676391602e-01
1.555937528610229492e-01
1.041715294122695923e-01
3.436018154025077820e-02
-1.266999602317810059e+00
2.911517769098281860e-02
1.670577097684144974e-03
3.958654403686523438e-01
2.634691298007965088e-01
-4.981359839439392090e-01
-1.236436486244201660e+00
-1.303813159465789795e-01
4.352127909660339355e-01
5.282593965530395508e-01
4.349526166915893555e-01
6.811726093292236328e-01
1.141411066055297852e+00
-3.260784745216369629e-01
3.945705890655517578e-01
-4.721282124519348145e-01
4.062713682651519775e-01
-1.311405897140502930e-01
9.616930484771728516e-01
7.266234159469604492e-01
-5.789800882339477539e-01
3.543255627155303955e-01
3.422903716564178467e-01
1.695010364055633545e-01
4.227157831192016602e-01
-2.572029829025268555e-01
8.859753608703613281e-01
1.096594929695129395e+00
-1.023285165429115295e-01
-5.529773235321044922e-01
-9.340503215789794922e-01
-1.111920356750488281e+00
-7.628357410430908203e-01
-8.923485279083251953e-01
1.507650017738342285e-01
1.368218958377838135e-01
4.025979936122894287e-01
2.688176035881042480e-01
9.192594885826110840e-02
-3.955922126770019531e-01
4.219475984573364258e-01
3.012166023254394531e-01
-3.847935050725936890e-02
4.163812398910522461e-01
-1.556476950645446777e-02
6.361906528472900391e-01
1.007884815335273743e-01
5.891760587692260742e-01
-3.743441402912139893e-01
-5.252648591995239258e-01
2.271353006362915039e-01
2.446205615997314453e-01
2.943356335163116455e-01
-1.316578835248947144e-01
-4.420346319675445557e-01
-1.508908420801162720e-01
3.388386070728302002e-01
3.824967145919799805e-01
7.950898408889770508e-01
7.446878552436828613e-01
4.089941978454589844e-01
7.844122052192687988e-01
6.903741359710693359e-01
1.146628737449645996e+00
8.511933088302612305e-01
7.916910052299499512e-01
-9.524924159049987793e-01
1.512193679809570312e-01
-7.284657955169677734e-01
-2.214975841343402863e-02
3.678532242774963379e-01
5.961294770240783691e-01
-8.522985875606536865e-02
-7.911207675933837891e-01
-1.694806456565856934e+00
-7.780045866966247559e-01
3.023353964090347290e-02
-1.323536634445190430e-01
1.000252664089202881e-01
2.174040526151657104e-01
-1.687682569026947021e-01
-2.418639361858367920e-01
8.488225750625133514e-03
1.286371201276779175e-01
-2.759725786745548248e-02
5.144871473312377930e-01
3.302595615386962891e-01
1.032415151596069336e+00
1.034779787063598633e+00
1.121417403221130371e+00
1.094631075859069824e+00
-2.964390218257904053e-01
-5.338423848152160645e-01
-1.008983105421066284e-01
1.076409816741943359e-01
-6.753233075141906738e-02
4.122108221054077148e-01
6.607494950294494629e-01
1.062018632888793945e+00
1.132219791412353516e+00
1.065321922302246094e+00
1.081723928451538086e+00
4.910070300102233887e-01
8.902420401573181152e-01
8.189496397972106934e-01
6.568276286125183105e-01
4.342242777347564697e-01
4.591804444789886475e-01
2.128115445375442505e-01
3.182435035705566406e-01
6.402928233146667480e-01
-5.007281899452209473e-01
-1.462622545659542084e-02
1.583814918994903564e-01
-4.590794146060943604e-01
-2.331081032752990723e-01
-3.570113480091094971e-01
-1.288972347974777222e-01
-8.313554525375366211e-01
-1.356604695320129395e-01
1.645030677318572998e-01
2.891588211059570312e-01
2.315096855163574219e-01
-1.689724028110504150e-01
-2.736555039882659912e-02
1.628780215978622437e-01
-3.559224009513854980e-01
-1.035935878753662109e+00
-1.603704214096069336e+00
-9.902471899986267090e-01
-9.238064289093017578e-01
-1.307388842105865479e-01
-1.570517122745513916e-01
-3.020721375942230225e-01
-5.179457664489746094e-01
-6.163061857223510742e-01
-3.109311461448669434e-01
-1.434837654232978821e-02
6.449966132640838623e-02
2.936800122261047363e-01
-1.331182718276977539e-01
-3.375370427966117859e-02
-5.710407346487045288e-02
-3.318989276885986328e-01
-2.228408157825469971e-01
-5.299184918403625488e-01
3.532936573028564453e-01
5.762236118316650391e-01
4.970962703227996826e-01
5.239403247833251953e-01
6.403321027755737305e-01
1.781911253929138184e-01
5.235846042633056641e-01
3.883695006370544434e-01
5.995566844940185547e-01
6.933591365814208984e-01
4.184554219245910645e-01
4.774923324584960938e-01
4.781205952167510986e-01
2.681292295455932617e-01
-3.288247287273406982e-01
-2.427246868610382080e-01
1.139809563755989075e-01
-1.550002396106719971e-01
-5.007121246308088303e-03
1.012093871831893921e-01
-1.318670511245727539e+00
-1.456976532936096191e+00
-1.927724361419677734e+00
-2.261989116668701172e+00
-2.220230817794799805e+00
-2.727306604385375977e+00
-1.722948789596557617e+00
-7.435733079910278320e-01
1.218778342008590698e-01
1.889757961034774780e-01
3.219060301780700684e-01
2.500255703926086426e-01
2.691000401973724365e-01
5.594042539596557617e-01
6.279656887054443359e-01
4.363014400005340576e-01
1.940214633941650391e-01
1.564517170190811157e-01
2.760314010083675385e-02
3.961130976676940918e-01
-2.383964806795120239e-01
-1.491657830774784088e-02
4.204516410827636719e-01
2.553244233131408691e-01
1.319209337234497070e-01
-3.713249862194061279e-01
-5.520618706941604614e-02
3.846427798271179199e-02
4.057546257972717285e-01
4.459802210330963135e-01
5.107558369636535645e-01
5.398458242416381836e-01
4.317110180854797363e-01
3.822328746318817139e-01
5.750645399093627930e-01
4.105250835418701172e-01
9.621123969554901123e-02
-6.483688019216060638e-03
1.133122667670249939e-01
-5.438235998153686523e-01
1.298228651285171509e-01
-2.021800279617309570e-01
2.284786999225616455e-01
-8.565561175346374512e-01
-3.508153259754180908e-01
-4.526124298572540283e-01
-8.116242289543151855e-01
-5.000327229499816895e-01
-1.327930688858032227e+00
-1.749568343162536621e+00
-1.505020141601562500e+00
-1.685388326644897461e+00
-1.415865063667297363e+00
-1.525108814239501953e+00
-2.235727310180664062e+00
-2.428442955017089844e+00
-2.489357709884643555e+00
-3.017531871795654297e+00
-1.508173227310180664e+00
-7.383375167846679688e-01
6.267682462930679321e-02
-1.376163601875305176e+00
-3.191674947738647461e-01
-1.468712091445922852e+00
-1.493934392929077148e+00
-7.484567165374755859e-01
-2.058114051818847656e+00
-1.384576320648193359e+00
-6.519565582275390625e-01
2.270195260643959045e-02
-2.536698579788208008e-01
-6.708520650863647461e-01
-4.052764773368835449e-01
-1.284453034400939941e+00
-1.200723290443420410e+00
-8.725622892379760742e-01
-7.790451049804687500e-01
-9.875311851501464844e-01
-5.052896738052368164e-01
-1.043660342693328857e-01
-3.910619020462036133e-02
-2.738085985183715820e-01
3.526746481657028198e-02
5.055588483810424805e-01
6.406937241554260254e-01
1.933335065841674805e-01
5.919047072529792786e-02
-7.668072730302810669e-02
-2.476130574941635132e-01
9.509538114070892334e-02
-3.523265570402145386e-02
-1.703094482421875000e+00
-1.904243230819702148e+00
-1.138097882270812988e+00
-2.333503067493438721e-01
-7.117351293563842773e-01
-5.465885996818542480e-01
2.835748791694641113e-01
2.490159571170806885e-01
2.627160549163818359e-01
5.207843780517578125e-01
5.509147644042968750e-01
-8.551870584487915039e-01
-1.415492057800292969e+00
-3.841275274753570557e-01
2.146174013614654541e-01
-1.048950433731079102e+00
-1.054424405097961426e+00
-1.258591890335083008e+00
-1.803257584571838379e+00
-1.867431879043579102e+00
-1.297071695327758789e+00
-1.359781265258789062e+00
-1.301794767379760742e+00
-9.768828153610229492e-01
-6.353666782379150391e-01
-2.229214161634445190e-01
2.569669187068939209e-01
-5.217509269714355469e-01
-6.460224390029907227e-01
-1.182616710662841797e+00
-7.215254306793212891e-01
-1.068814635276794434e+00
-3.670952096581459045e-02
-1.239327713847160339e-01
-7.209339141845703125e-01
8.097824454307556152e-02
-1.150264978408813477e+00
-2.321156710386276245e-01
2.997173368930816650e-01
-9.325253367424011230e-01
-9.862611889839172363e-01
-7.239066958427429199e-01
-3.071017265319824219e-01
-6.791803836822509766e-01
-1.548422694206237793e+00
-9.754834771156311035e-01
-5.915032625198364258e-01
-5.049676299095153809e-01
-7.232684493064880371e-01
-2.986795008182525635e-01
-1.547101855278015137e+00
-1.930013537406921387e+00
-2.360224962234497070e+00
-8.021032214164733887e-01
-1.649889945983886719e-01
3.483758270740509033e-01
8.787970542907714844e-01
1.107551902532577515e-01
-1.242768049240112305e+00
-2.076286554336547852e+00
-2.495192050933837891e+00
-3.143683910369873047e+00
-1.774983525276184082e+00
-1.538164973258972168e+00
-1.298494696617126465e+00
-1.509548664093017578e+00
-1.187890768051147461e+00
-1.640288352966308594e+00
-1.199467658996582031e+00
-1.721657395362854004e+00
-1.469309806823730469e+00
-4.506481885910034180e-01
2.173953801393508911e-01
1.125769130885601044e-02
-3.369852900505065918e-01
7.365921884775161743e-02
-9.406710863113403320e-01
-3.099664151668548584e-01
-1.793789565563201904e-01
-7.749617099761962891e-01
-1.301262497901916504e+00
-1.557879567146301270e+00
-2.473556280136108398e+00
-2.337234497070312500e+00
-2.286763668060302734e+00
-2.268487930297851562e+00
-1.915274500846862793e+00
-1.264070272445678711e+00
-1.100918173789978027e+00
-7.329768538475036621e-01
-1.061256885528564453e+00
-8.290893435478210449e-01
-2.985548973083496094e-01
4.562298655509948730e-01
-1.058206558227539062e+00
-1.316236138343811035e+00
-1.642572879791259766e+00
-1.775991320610046387e+00
-1.004658699035644531e+00
-1.170240163803100586e+00
-1.552703022956848145e+00
-1.349166274070739746e+00
-1.686770915985107422e+00
-2.098623275756835938e+00
-1.943773508071899414e+00
-1.615957498550415039e+00
-1.267528653144836426e+00
-1.615532398223876953e+00
-2.107263803482055664e+00
-1.901460528373718262e+00
-1.072049140930175781e+00
-9.526197910308837891e-01
-7.539947032928466797e-01
-1.125638365745544434e+00
-1.730826854705810547e+00
-6.076514720916748047e-01
-3.197390139102935791e-01
-1.425085812807083130e-01
-6.584709882736206055e-02
-1.716995537281036377e-01
1.440761685371398926e-01
7.870326042175292969e-01
-1.173371672630310059e-01
5.259848833084106445e-01
8.794319629669189453e-01
6.440008878707885742e-01
1.257336616516113281e+00
1.427929162979125977e+00
1.320159435272216797e+00
9.478211998939514160e-01
9.910987615585327148e-01
-3.477737903594970703e-01
4.623247981071472168e-01
-4.289249181747436523e-01
5.919429063796997070e-01
1.582859270274639130e-02
1.820051372051239014e-01
4.742829501628875732e-01
1.035215616226196289e+00
7.396460771560668945e-01
1.978199332952499390e-01
-1.671372726559638977e-02
-8.513528108596801758e-01
-1.770986318588256836e-01
6.608076691627502441e-01
1.031667180359363556e-02
4.611711800098419189e-01
-5.318374931812286377e-02
3.733850121498107910e-01
8.334966301918029785e-01
8.521502017974853516e-01
7.044326663017272949e-01
8.768692016601562500e-01
7.212483882904052734e-01
8.836883306503295898e-01
5.038580894470214844e-01
9.249888658523559570e-01
9.737023115158081055e-01
7.651057839393615723e-01
-4.106648266315460205e-01
-1.273031592369079590e+00
-1.622586846351623535e+00
-7.264410257339477539e-01
-1.050799489021301270e+00
-5.350760221481323242e-01
2.932880520820617676e-01
2.852891385555267334e-01
5.659136772155761719e-01
4.943301677703857422e-01
3.525363802909851074e-01
1.179257035255432129e+00
1.031267166137695312e+00
3.551505208015441895e-01
1.130608677864074707e+00
5.755524039268493652e-01
7.688443660736083984e-01
9.698172211647033691e-01
1.217458128929138184e+00
9.130947589874267578e-01
3.654719889163970947e-01
9.720020294189453125e-01
-4.425539672374725342e-01
1.208440512418746948e-01
5.825612545013427734e-01
7.601002454757690430e-01
5.229508876800537109e-01
4.576678276062011719e-01
3.999034464359283447e-01
3.314218819141387939e-01
3.513970375061035156e-01
6.823791265487670898e-01
3.099747896194458008e-01
1.019884109497070312e+00
1.068385004997253418e+00
-2.118145227432250977e-01
6.874057054519653320e-01
-1.379813432693481445e+00
-4.217409491539001465e-01
4.435046613216400146e-01
7.874509096145629883e-01
8.253622055053710938e-01
1.113031744956970215e+00
8.841404318809509277e-01
5.550426617264747620e-02
5.289146900177001953e-01
1.163410186767578125e+00
1.184500336647033691e+00
9.057539701461791992e-01
8.146136999130249023e-02
-8.767844438552856445e-01
-1.853437304496765137e+00
-2.159439086914062500e+00
-6.614851951599121094e-01
7.806118726730346680e-01
8.298064470291137695e-01
-1.104731082916259766e+00
-2.055689811706542969e+00
-2.108720302581787109e+00
-1.330061674118041992e+00
-1.094374775886535645e+00
-8.008856773376464844e-01
-5.269581675529479980e-01
-7.662886977195739746e-01
-4.852187633514404297e-01
2.235432267189025879e-01
2.812480926513671875e-02
1.971243470907211304e-01
2.794388830661773682e-01
4.146115481853485107e-01
6.123779416084289551e-01
3.629695177078247070e-01
5.531406998634338379e-01
8.043017983436584473e-01
8.735095262527465820e-01
8.150623440742492676e-01
1.057141065597534180e+00
1.113331794738769531e+00
1.052099347114562988e+00
-2.189516574144363403e-01
-1.803046092391014099e-02
1.633971333503723145e-01
-1.301560401916503906e+00
-1.828113913536071777e+00
-2.425522565841674805e+00
-3.290124893188476562e+00
-1.449615240097045898e+00
-8.505787700414657593e-02
6.563103795051574707e-01
6.436687707901000977e-01
8.482967019081115723e-01
8.521016240119934082e-01
7.089596390724182129e-01
7.095017433166503906e-01
5.209423303604125977e-01
7.155710458755493164e-01
7.340681552886962891e-01
6.755462288856506348e-02
-5.067152380943298340e-01
-1.225019335746765137e+00
-1.595632076263427734e+00
-2.028343439102172852e+00
-1.899960994720458984e+00
-1.479857563972473145e+00
-1.171134471893310547e+00
-1.036228299140930176e+00
-2.008290052413940430e+00
-1.259406328201293945e+00
-3.935885131359100342e-01
9.817031025886535645e-02
8.172525167465209961e-01
4.436849951744079590e-01
2.410964667797088623e-01
1.610285341739654541e-01
-2.398286461830139160e-01
-2.100259065628051758e-01
-8.818126469850540161e-02
3.188932240009307861e-01
3.086560964584350586e-01
3.134036064147949219e-01
-3.842211514711380005e-02
-7.544408440589904785e-01
3.334675431251525879e-01
6.089268922805786133e-01
9.718209505081176758e-01
1.160734415054321289e+00
1.242865681648254395e+00
1.176974058151245117e+00
1.291426897048950195e+00
1.088092684745788574e+00
1.355809092521667480e+00
1.221669793128967285e+00
1.263744592666625977e+00
1.308307647705078125e+00
1.425557613372802734e+00
1.299233078956604004e+00
1.345692396163940430e+00
1.451620817184448242e+00
1.691010475158691406e+00
1.536668658256530762e+00
1.741082668304443359e+00
1.794604897499084473e+00
1.667633414268493652e+00
1.220663547515869141e+00
1.582411408424377441e+00
1.418346285820007324e+00
1.185485124588012695e+00
1.376585841178894043e+00
1.273489117622375488e+00
1.374552488327026367e+00
1.457658886909484863e+00
1.525885939598083496e+00
1.463307738304138184e+00
1.880814790725708008e+00
1.470395207405090332e+00
1.050165057182312012e+00
-2.416372746229171753e-01
-1.745267391204833984e+00
-2.240164279937744141e+00
-1.962127804756164551e+00
-2.550937891006469727e+00
8.989629149436950684e-02
9.819509983062744141e-01
8.254343271255493164e-01
4.617092013359069824e-01
6.562639474868774414e-01
7.428150177001953125e-01
6.897197961807250977e-01
7.586961984634399414e-01
-8.375944942235946655e-02
7.950091361999511719e-02
-2.513709664344787598e-01
-2.857362106442451477e-02
5.013660192489624023e-01
-4.169468879699707031e-01
-7.376706600189208984e-01
-3.280822932720184326e-02
5.794234275817871094e-01
9.469569921493530273e-01
3.068169653415679932e-01
4.835833907127380371e-01
3.972982168197631836e-01
9.599802494049072266e-01
1.035982131958007812e+00
1.239987373352050781e+00
1.255331277847290039e+00
4.413951933383941650e-01
1.000696420669555664e+00
1.509933471679687500e+00
1.318769216537475586e+00
1.011936306953430176e+00
8.242617845535278320e-01
8.446322679519653320e-01
1.088024735450744629e+00
9.299881458282470703e-01
1.023792386054992676e+00
1.233124256134033203e+00
1.118155002593994141e+00
1.178637027740478516e+00
1.244319558143615723e+00
1.264161586761474609e+00
7.179395556449890137e-01
6.178408861160278320e-01
1.192483425140380859e+00
-1.376339673995971680e+00
-1.261093854904174805e+00
-1.260226130485534668e+00
-2.852062880992889404e-01
-1.105958700180053711e+00
7.462000846862792969e-02
4.000015556812286377e-01
2.046027779579162598e-01
9.786018133163452148e-01
8.113161325454711914e-01
1.198400020599365234e+00
1.404048085212707520e+00
1.416805744171142578e+00
9.929192066192626953e-01
4.477255940437316895e-01
4.320525527000427246e-01
-9.197239279747009277e-01
-1.454461932182312012e+00
-2.252531051635742188e+00
-2.027992963790893555e+00
1.328501552343368530e-01
-1.952103972434997559e+00
-2.194959878921508789e+00
-1.164294958114624023e+00
-9.983546733856201172e-01
-1.973973751068115234e+00
-2.870909452438354492e+00
-1.973510503768920898e+00
-1.385146498680114746e+00
-9.236211776733398438e-01
-2.006381750106811523e-01
1.576492488384246826e-01
-4.604268670082092285e-01
-8.104115724563598633e-01
-8.801618814468383789e-01
-1.679207682609558105e-01
3.464196920394897461e-01
7.242673039436340332e-01
1.062896728515625000e+00
9.118040800094604492e-01
1.037337660789489746e+00
8.761698007583618164e-01
1.035322070121765137e+00
2.839514315128326416e-01
5.103334188461303711e-01
-2.976248264312744141e-01
3.536683917045593262e-01
4.176479876041412354e-01
2.301995158195495605e-01
5.481081008911132812e-01
8.482475280761718750e-01
9.285118579864501953e-01
3.203104138374328613e-01
1.015918254852294922e+00
6.128449440002441406e-01
7.140789031982421875e-01
1.918544322252273560e-01
2.918348610401153564e-01
2.050512135028839111e-01
2.082676887512207031e-01
2.868608236312866211e-01
-1.395736932754516602e+00
-1.080643892288208008e+00
-1.916453599929809570e+00
-2.216653823852539062e+00
-1.451270818710327148e+00
-9.792696237564086914e-01
-1.054258227348327637e+00
-2.277446269989013672e+00
-9.745370149612426758e-01
-1.446114897727966309e+00
-2.239608049392700195e+00
-7.195361852645874023e-01
-3.354378342628479004e-01
-7.239913940429687500e-01
-6.454990506172180176e-01
-1.269706010818481445e+00
-1.222862005233764648e+00
-6.054015457630157471e-02
-1.269912838935852051e+00
-1.463666915893554688e+00
-2.086040019989013672e+00
-1.567656755447387695e+00
-1.826919674873352051e+00
-8.094674348831176758e-01
-2.470059156417846680e+00
-1.120676159858703613e+00
-1.774225115776062012e+00
-1.698512315750122070e+00
-6.605540961027145386e-02
1.013273835182189941e+00
1.082997560501098633e+00
1.241948008537292480e+00
9.839465022087097168e-01
8.784699440002441406e-01
-5.694455504417419434e-01
-1.310254573822021484e+00
-7.042706012725830078e-01
2.391992360353469849e-01
9.671981930732727051e-01
8.548527956008911133e-01
-1.363045692443847656e+00
-3.374152779579162598e-01
2.881588935852050781e-01
5.882277488708496094e-01
1.070964217185974121e+00
1.008442521095275879e+00
1.028039216995239258e+00
1.148509263992309570e+00
7.737674117088317871e-01
1.166255474090576172e+00
8.483686447143554688e-01
9.471870660781860352e-01
8.740538358688354492e-01
8.611218333244323730e-01
-5.680483579635620117e-01
-2.000471353530883789e-01
6.587628126144409180e-01
1.030143976211547852e+00
4.019839167594909668e-01
-5.850158929824829102e-01
-2.563043117523193359e+00
-1.210573196411132812e+00
-1.994785666465759277e-01
-9.186402559280395508e-01
9.687834382057189941e-01
9.442001581192016602e-01
7.605030536651611328e-01
-1.347040832042694092e-01
-2.886006832122802734e-01
-2.335558086633682251e-01
-7.990196943283081055e-01
4.623172059655189514e-02
8.507668972015380859e-01
8.069090843200683594e-01
2.396631985902786255e-01
5.318987965583801270e-01
8.680919408798217773e-01
5.975372791290283203e-01
4.301723241806030273e-01
-9.289783239364624023e-01
-4.167132377624511719e-01
-1.386448740959167480e+00
-1.974569082260131836e+00
-2.356960058212280273e+00
-8.107309341430664062e-01
-1.998825788497924805e+00
-4.346134066581726074e-01
3.921610713005065918e-01
8.099874854087829590e-01
7.432671785354614258e-01
4.559028446674346924e-01
4.615425467491149902e-01
-1.543388217687606812e-01
4.002369046211242676e-01
5.345393419265747070e-01
7.086784839630126953e-01
-1.056868195533752441e+00
-5.544168949127197266e-01
-3.321992605924606323e-02
-2.474656254053115845e-01
-2.027712345123291016e+00
-6.464299559593200684e-01
-1.397734880447387695e+00
-3.543334901332855225e-01
4.607737660408020020e-01
1.191070795059204102e+00
9.923957586288452148e-01
7.817946076393127441e-01
-1.139339089393615723e+00
-4.878662228584289551e-01
3.583966493606567383e-01
-6.477862596511840820e-02
-1.617750644683837891e+00
-2.482145279645919800e-01
-4.478911757469177246e-01
-1.062598228454589844e+00
4.063985645771026611e-01
4.294619262218475342e-01
-1.929409265518188477e+00
-1.477634668350219727e+00
-2.623851299285888672e+00
-1.999298334121704102e+00
-5.975336432456970215e-01
-1.314918398857116699e+00
-9.894661903381347656e-01
-8.622003793716430664e-01
-6.900544166564941406e-01
-5.796481370925903320e-01
-4.695246815681457520e-01
-1.243177354335784912e-01
-8.584959506988525391e-01
1.940869837999343872e-01
1.533209346234798431e-02
2.848711311817169189e-01
2.710996568202972412e-01
1.632689535617828369e-01
-6.520577669143676758e-01
-2.264862060546875000e-01
-6.553552150726318359e-01
-1.432626962661743164e+00
-3.575595021247863770e-01
-6.765973567962646484e-01
-7.140606641769409180e-01
-1.927926093339920044e-01
-1.047160625457763672e+00
-6.762145161628723145e-01
1.852663978934288025e-02
6.749455928802490234e-01
8.451259136199951172e-01
8.705025315284729004e-01
6.066063642501831055e-01
7.114038467407226562e-01
-4.280877113342285156e-02
-2.442602366209030151e-01
-1.252807378768920898e-01
-6.255154609680175781e-01
-4.213562011718750000e-01
6.991151720285415649e-02
2.396678924560546875e-01
-7.737393677234649658e-02
-6.131731271743774414e-01
-5.994085669517517090e-01
-1.736613631248474121e+00
-2.904598474502563477e+00
-2.755089521408081055e+00
-2.767926216125488281e+00
-2.595164299011230469e+00
